0.000000e+00 0.000000e+00 
1.000000e-13 0.000000e+00 
2.000000e-13 0.000000e+00 
4.000000e-13 0.000000e+00 
8.000000e-13 0.000000e+00 
1.600000e-12 0.000000e+00 
3.200000e-12 0.000000e+00 
6.400000e-12 0.000000e+00 
1.280000e-11 0.000000e+00 
2.280000e-11 0.000000e+00 
3.280000e-11 0.000000e+00 
4.280000e-11 0.000000e+00 
5.280000e-11 0.000000e+00 
6.280000e-11 0.000000e+00 
7.280000e-11 0.000000e+00 
8.280000e-11 0.000000e+00 
9.280000e-11 0.000000e+00 
1.028000e-10 0.000000e+00 
1.128000e-10 0.000000e+00 
1.228000e-10 0.000000e+00 
1.328000e-10 0.000000e+00 
1.428000e-10 0.000000e+00 
1.528000e-10 0.000000e+00 
1.628000e-10 0.000000e+00 
1.728000e-10 0.000000e+00 
1.828000e-10 0.000000e+00 
1.928000e-10 0.000000e+00 
2.028000e-10 0.000000e+00 
2.128000e-10 0.000000e+00 
2.228000e-10 0.000000e+00 
2.328000e-10 0.000000e+00 
2.428000e-10 0.000000e+00 
2.528000e-10 0.000000e+00 
2.628000e-10 0.000000e+00 
2.728000e-10 0.000000e+00 
2.828000e-10 0.000000e+00 
2.928000e-10 0.000000e+00 
3.028000e-10 0.000000e+00 
3.128000e-10 0.000000e+00 
3.228000e-10 0.000000e+00 
3.328000e-10 0.000000e+00 
3.428000e-10 0.000000e+00 
3.528000e-10 0.000000e+00 
3.628000e-10 0.000000e+00 
3.728000e-10 0.000000e+00 
3.828000e-10 0.000000e+00 
3.928000e-10 0.000000e+00 
4.028000e-10 0.000000e+00 
4.128000e-10 0.000000e+00 
4.228000e-10 0.000000e+00 
4.328000e-10 0.000000e+00 
4.428000e-10 0.000000e+00 
4.528000e-10 0.000000e+00 
4.628000e-10 0.000000e+00 
4.728000e-10 0.000000e+00 
4.828000e-10 0.000000e+00 
4.928000e-10 0.000000e+00 
5.028000e-10 0.000000e+00 
5.128000e-10 0.000000e+00 
5.228000e-10 0.000000e+00 
5.328000e-10 0.000000e+00 
5.428000e-10 0.000000e+00 
5.528000e-10 0.000000e+00 
5.628000e-10 0.000000e+00 
5.728000e-10 0.000000e+00 
5.828000e-10 0.000000e+00 
5.928000e-10 0.000000e+00 
6.028000e-10 0.000000e+00 
6.128000e-10 0.000000e+00 
6.228000e-10 0.000000e+00 
6.328000e-10 0.000000e+00 
6.428000e-10 0.000000e+00 
6.528000e-10 0.000000e+00 
6.628000e-10 0.000000e+00 
6.728000e-10 0.000000e+00 
6.828000e-10 0.000000e+00 
6.928000e-10 0.000000e+00 
7.028000e-10 0.000000e+00 
7.128000e-10 0.000000e+00 
7.228000e-10 0.000000e+00 
7.328000e-10 0.000000e+00 
7.428000e-10 0.000000e+00 
7.528000e-10 0.000000e+00 
7.628000e-10 0.000000e+00 
7.728000e-10 0.000000e+00 
7.828000e-10 0.000000e+00 
7.928000e-10 0.000000e+00 
8.028000e-10 0.000000e+00 
8.128000e-10 0.000000e+00 
8.228000e-10 0.000000e+00 
8.328000e-10 0.000000e+00 
8.428000e-10 0.000000e+00 
8.528000e-10 0.000000e+00 
8.628000e-10 0.000000e+00 
8.728000e-10 0.000000e+00 
8.828000e-10 0.000000e+00 
8.928000e-10 0.000000e+00 
9.028000e-10 0.000000e+00 
9.128000e-10 0.000000e+00 
9.228000e-10 0.000000e+00 
9.328000e-10 0.000000e+00 
9.428000e-10 0.000000e+00 
9.528000e-10 0.000000e+00 
9.628000e-10 0.000000e+00 
9.728000e-10 0.000000e+00 
9.828000e-10 0.000000e+00 
9.928000e-10 0.000000e+00 
1.000000e-09 0.000000e+00 
1.001000e-09 8.229426e-05 
1.003000e-09 4.110609e-04 
1.007000e-09 2.048762e-03 
1.015000e-09 9.196311e-03 
1.025000e-09 2.526554e-02 
1.035000e-09 4.908614e-02 
1.045000e-09 8.046673e-02 
1.055000e-09 1.192206e-01 
1.065000e-09 1.651658e-01 
1.075000e-09 2.181247e-01 
1.085000e-09 2.779241e-01 
1.095000e-09 3.443951e-01 
1.100000e-09 3.800858e-01 
1.101000e-09 3.873674e-01 
1.103000e-09 4.018943e-01 
1.107000e-09 4.307311e-01 
1.115000e-09 4.875483e-01 
1.125000e-09 5.569916e-01 
1.135000e-09 6.247202e-01 
1.145000e-09 6.907765e-01 
1.155000e-09 7.552017e-01 
1.165000e-09 8.180363e-01 
1.175000e-09 8.793193e-01 
1.185000e-09 9.390892e-01 
1.195000e-09 9.973833e-01 
1.205000e-09 1.054238e+00 
1.215000e-09 1.109689e+00 
1.225000e-09 1.163771e+00 
1.235000e-09 1.216517e+00 
1.245000e-09 1.267961e+00 
1.255000e-09 1.318135e+00 
1.265000e-09 1.367070e+00 
1.275000e-09 1.414797e+00 
1.285000e-09 1.461345e+00 
1.295000e-09 1.506744e+00 
1.305000e-09 1.551022e+00 
1.315000e-09 1.594206e+00 
1.325000e-09 1.636325e+00 
1.335000e-09 1.677403e+00 
1.345000e-09 1.717467e+00 
1.355000e-09 1.756542e+00 
1.365000e-09 1.794652e+00 
1.375000e-09 1.831821e+00 
1.385000e-09 1.868073e+00 
1.395000e-09 1.903429e+00 
1.405000e-09 1.937912e+00 
1.415000e-09 1.971544e+00 
1.425000e-09 2.004345e+00 
1.435000e-09 2.036337e+00 
1.445000e-09 2.067538e+00 
1.455000e-09 2.097969e+00 
1.465000e-09 2.127649e+00 
1.475000e-09 2.156596e+00 
1.485000e-09 2.184828e+00 
1.495000e-09 2.212363e+00 
1.505000e-09 2.239219e+00 
1.515000e-09 2.265411e+00 
1.525000e-09 2.290956e+00 
1.535000e-09 2.315871e+00 
1.545000e-09 2.340170e+00 
1.555000e-09 2.363870e+00 
1.565000e-09 2.386984e+00 
1.575000e-09 2.409528e+00 
1.585000e-09 2.431515e+00 
1.595000e-09 2.452959e+00 
1.605000e-09 2.473873e+00 
1.615000e-09 2.494272e+00 
1.625000e-09 2.514166e+00 
1.635000e-09 2.533569e+00 
1.645000e-09 2.552494e+00 
1.655000e-09 2.570951e+00 
1.665000e-09 2.588952e+00 
1.675000e-09 2.606509e+00 
1.685000e-09 2.623632e+00 
1.695000e-09 2.640332e+00 
1.705000e-09 2.656620e+00 
1.715000e-09 2.672506e+00 
1.725000e-09 2.688000e+00 
1.735000e-09 2.703111e+00 
1.745000e-09 2.717849e+00 
1.755000e-09 2.732223e+00 
1.765000e-09 2.746242e+00 
1.775000e-09 2.759915e+00 
1.785000e-09 2.773251e+00 
1.795000e-09 2.786257e+00 
1.805000e-09 2.798942e+00 
1.815000e-09 2.811314e+00 
1.825000e-09 2.823380e+00 
1.835000e-09 2.835148e+00 
1.845000e-09 2.846626e+00 
1.855000e-09 2.857821e+00 
1.865000e-09 2.868739e+00 
1.875000e-09 2.879387e+00 
1.885000e-09 2.889773e+00 
1.895000e-09 2.899902e+00 
1.905000e-09 2.909781e+00 
1.915000e-09 2.919416e+00 
1.925000e-09 2.928813e+00 
1.935000e-09 2.937978e+00 
1.945000e-09 2.946917e+00 
1.955000e-09 2.955635e+00 
1.965000e-09 2.964138e+00 
1.975000e-09 2.972431e+00 
1.985000e-09 2.980519e+00 
1.995000e-09 2.988407e+00 
2.005000e-09 2.996101e+00 
2.015000e-09 3.003605e+00 
2.025000e-09 3.010923e+00 
2.035000e-09 3.018061e+00 
2.045000e-09 3.025022e+00 
2.055000e-09 3.031812e+00 
2.065000e-09 3.038434e+00 
2.075000e-09 3.044892e+00 
2.085000e-09 3.051191e+00 
2.095000e-09 3.057334e+00 
2.105000e-09 3.063326e+00 
2.115000e-09 3.069170e+00 
2.125000e-09 3.074869e+00 
2.135000e-09 3.080428e+00 
2.145000e-09 3.085850e+00 
2.155000e-09 3.091137e+00 
2.165000e-09 3.096295e+00 
2.175000e-09 3.101324e+00 
2.185000e-09 3.106230e+00 
2.195000e-09 3.111014e+00 
2.205000e-09 3.115681e+00 
2.215000e-09 3.120232e+00 
2.225000e-09 3.124670e+00 
2.235000e-09 3.129000e+00 
2.245000e-09 3.133222e+00 
2.255000e-09 3.137340e+00 
2.265000e-09 3.141356e+00 
2.275000e-09 3.145273e+00 
2.285000e-09 3.149094e+00 
2.295000e-09 3.152820e+00 
2.305000e-09 3.156454e+00 
2.315000e-09 3.159998e+00 
2.325000e-09 3.163455e+00 
2.335000e-09 3.166826e+00 
2.345000e-09 3.170115e+00 
2.355000e-09 3.173322e+00 
2.365000e-09 3.176450e+00 
2.375000e-09 3.179500e+00 
2.385000e-09 3.182476e+00 
2.395000e-09 3.185377e+00 
2.405000e-09 3.188208e+00 
2.415000e-09 3.190968e+00 
2.425000e-09 3.193660e+00 
2.435000e-09 3.196286e+00 
2.445000e-09 3.198847e+00 
2.455000e-09 3.201344e+00 
2.465000e-09 3.203780e+00 
2.475000e-09 3.206156e+00 
2.485000e-09 3.208473e+00 
2.495000e-09 3.210733e+00 
2.505000e-09 3.212937e+00 
2.515000e-09 3.215087e+00 
2.525000e-09 3.217183e+00 
2.535000e-09 3.219228e+00 
2.545000e-09 3.221223e+00 
2.555000e-09 3.223168e+00 
2.565000e-09 3.225065e+00 
2.575000e-09 3.226915e+00 
2.585000e-09 3.228720e+00 
2.595000e-09 3.230480e+00 
2.605000e-09 3.232196e+00 
2.615000e-09 3.233870e+00 
2.625000e-09 3.235503e+00 
2.635000e-09 3.237096e+00 
2.645000e-09 3.238649e+00 
2.655000e-09 3.240164e+00 
2.665000e-09 3.241641e+00 
2.675000e-09 3.243082e+00 
2.685000e-09 3.244488e+00 
2.695000e-09 3.245858e+00 
2.705000e-09 3.247195e+00 
2.715000e-09 3.248499e+00 
2.725000e-09 3.249771e+00 
2.735000e-09 3.251011e+00 
2.745000e-09 3.252220e+00 
2.755000e-09 3.253400e+00 
2.765000e-09 3.254551e+00 
2.775000e-09 3.255673e+00 
2.785000e-09 3.256767e+00 
2.795000e-09 3.257835e+00 
2.805000e-09 3.258876e+00 
2.815000e-09 3.259891e+00 
2.825000e-09 3.260882e+00 
2.835000e-09 3.261848e+00 
2.845000e-09 3.262790e+00 
2.855000e-09 3.263708e+00 
2.865000e-09 3.264605e+00 
2.875000e-09 3.265478e+00 
2.885000e-09 3.266331e+00 
2.895000e-09 3.267162e+00 
2.905000e-09 3.267973e+00 
2.915000e-09 3.268764e+00 
2.925000e-09 3.269535e+00 
2.935000e-09 3.270287e+00 
2.945000e-09 3.271021e+00 
2.955000e-09 3.271736e+00 
2.965000e-09 3.272434e+00 
2.975000e-09 3.273115e+00 
2.985000e-09 3.273779e+00 
2.995000e-09 3.274426e+00 
3.005000e-09 3.275058e+00 
3.015000e-09 3.275674e+00 
3.025000e-09 3.276274e+00 
3.035000e-09 3.276860e+00 
3.045000e-09 3.277431e+00 
3.055000e-09 3.277989e+00 
3.065000e-09 3.278532e+00 
3.075000e-09 3.279062e+00 
3.085000e-09 3.279579e+00 
3.095000e-09 3.280083e+00 
3.105000e-09 3.280575e+00 
3.115000e-09 3.281055e+00 
3.125000e-09 3.281523e+00 
3.135000e-09 3.281979e+00 
3.145000e-09 3.282424e+00 
3.155000e-09 3.282858e+00 
3.165000e-09 3.283281e+00 
3.175000e-09 3.283694e+00 
3.185000e-09 3.284096e+00 
3.195000e-09 3.284489e+00 
3.205000e-09 3.284872e+00 
3.215000e-09 3.285246e+00 
3.225000e-09 3.285610e+00 
3.235000e-09 3.285965e+00 
3.245000e-09 3.286312e+00 
3.255000e-09 3.286650e+00 
3.265000e-09 3.286979e+00 
3.275000e-09 3.287301e+00 
3.285000e-09 3.287614e+00 
3.295000e-09 3.287920e+00 
3.305000e-09 3.288219e+00 
3.315000e-09 3.288509e+00 
3.325000e-09 3.288793e+00 
3.335000e-09 3.289070e+00 
3.345000e-09 3.289340e+00 
3.355000e-09 3.289603e+00 
3.365000e-09 3.289860e+00 
3.375000e-09 3.290110e+00 
3.385000e-09 3.290354e+00 
3.395000e-09 3.290592e+00 
3.405000e-09 3.290825e+00 
3.415000e-09 3.291051e+00 
3.425000e-09 3.291272e+00 
3.435000e-09 3.291488e+00 
3.445000e-09 3.291698e+00 
3.455000e-09 3.291903e+00 
3.465000e-09 3.292103e+00 
3.475000e-09 3.292298e+00 
3.485000e-09 3.292488e+00 
3.495000e-09 3.292673e+00 
3.505000e-09 3.292854e+00 
3.515000e-09 3.293031e+00 
3.525000e-09 3.293203e+00 
3.535000e-09 3.293371e+00 
3.545000e-09 3.293534e+00 
3.555000e-09 3.293694e+00 
3.565000e-09 3.293850e+00 
3.575000e-09 3.294002e+00 
3.585000e-09 3.294150e+00 
3.595000e-09 3.294294e+00 
3.605000e-09 3.294435e+00 
3.615000e-09 3.294572e+00 
3.625000e-09 3.294706e+00 
3.635000e-09 3.294837e+00 
3.645000e-09 3.294965e+00 
3.655000e-09 3.295089e+00 
3.665000e-09 3.295210e+00 
3.675000e-09 3.295329e+00 
3.685000e-09 3.295444e+00 
3.695000e-09 3.295556e+00 
3.705000e-09 3.295666e+00 
3.715000e-09 3.295773e+00 
3.725000e-09 3.295877e+00 
3.735000e-09 3.295979e+00 
3.745000e-09 3.296079e+00 
3.755000e-09 3.296175e+00 
3.765000e-09 3.296270e+00 
3.775000e-09 3.296362e+00 
3.785000e-09 3.296452e+00 
3.795000e-09 3.296539e+00 
3.805000e-09 3.296625e+00 
3.815000e-09 3.296708e+00 
3.825000e-09 3.296789e+00 
3.835000e-09 3.296869e+00 
3.845000e-09 3.296946e+00 
3.855000e-09 3.297021e+00 
3.865000e-09 3.297095e+00 
3.875000e-09 3.297167e+00 
3.885000e-09 3.297237e+00 
3.895000e-09 3.297305e+00 
3.905000e-09 3.297371e+00 
3.915000e-09 3.297436e+00 
3.925000e-09 3.297500e+00 
3.935000e-09 3.297561e+00 
3.945000e-09 3.297622e+00 
3.955000e-09 3.297680e+00 
3.965000e-09 3.297738e+00 
3.975000e-09 3.297793e+00 
3.985000e-09 3.297848e+00 
3.995000e-09 3.297901e+00 
4.005000e-09 3.297953e+00 
4.015000e-09 3.298003e+00 
4.025000e-09 3.298053e+00 
4.035000e-09 3.298101e+00 
4.045000e-09 3.298148e+00 
4.055000e-09 3.298193e+00 
4.065000e-09 3.298238e+00 
4.075000e-09 3.298282e+00 
4.085000e-09 3.298324e+00 
4.095000e-09 3.298365e+00 
4.105000e-09 3.298406e+00 
4.115000e-09 3.298445e+00 
4.125000e-09 3.298483e+00 
4.135000e-09 3.298521e+00 
4.145000e-09 3.298557e+00 
4.155000e-09 3.298593e+00 
4.165000e-09 3.298628e+00 
4.175000e-09 3.298662e+00 
4.185000e-09 3.298695e+00 
4.195000e-09 3.298727e+00 
4.205000e-09 3.298758e+00 
4.215000e-09 3.298789e+00 
4.225000e-09 3.298819e+00 
4.235000e-09 3.298848e+00 
4.245000e-09 3.298877e+00 
4.255000e-09 3.298904e+00 
4.265000e-09 3.298931e+00 
4.275000e-09 3.298958e+00 
4.285000e-09 3.298983e+00 
4.295000e-09 3.299009e+00 
4.305000e-09 3.299033e+00 
4.315000e-09 3.299057e+00 
4.325000e-09 3.299080e+00 
4.335000e-09 3.299103e+00 
4.345000e-09 3.299125e+00 
4.355000e-09 3.299147e+00 
4.365000e-09 3.299168e+00 
4.375000e-09 3.299188e+00 
4.385000e-09 3.299208e+00 
4.395000e-09 3.299228e+00 
4.405000e-09 3.299247e+00 
4.415000e-09 3.299266e+00 
4.425000e-09 3.299284e+00 
4.435000e-09 3.299301e+00 
4.445000e-09 3.299319e+00 
4.455000e-09 3.299335e+00 
4.465000e-09 3.299352e+00 
4.475000e-09 3.299368e+00 
4.485000e-09 3.299383e+00 
4.495000e-09 3.299399e+00 
4.505000e-09 3.299414e+00 
4.515000e-09 3.299428e+00 
4.525000e-09 3.299442e+00 
4.535000e-09 3.299456e+00 
4.545000e-09 3.299469e+00 
4.555000e-09 3.299482e+00 
4.565000e-09 3.299495e+00 
4.575000e-09 3.299508e+00 
4.585000e-09 3.299520e+00 
4.595000e-09 3.299532e+00 
4.605000e-09 3.299543e+00 
4.615000e-09 3.299555e+00 
4.625000e-09 3.299566e+00 
4.635000e-09 3.299576e+00 
4.645000e-09 3.299587e+00 
4.655000e-09 3.299597e+00 
4.665000e-09 3.299607e+00 
4.675000e-09 3.299617e+00 
4.685000e-09 3.299626e+00 
4.695000e-09 3.299635e+00 
4.705000e-09 3.299644e+00 
4.715000e-09 3.299653e+00 
4.725000e-09 3.299662e+00 
4.735000e-09 3.299670e+00 
4.745000e-09 3.299678e+00 
4.755000e-09 3.299686e+00 
4.765000e-09 3.299694e+00 
4.775000e-09 3.299701e+00 
4.785000e-09 3.299709e+00 
4.795000e-09 3.299716e+00 
4.805000e-09 3.299723e+00 
4.815000e-09 3.299730e+00 
4.825000e-09 3.299736e+00 
4.835000e-09 3.299743e+00 
4.845000e-09 3.299749e+00 
4.855000e-09 3.299756e+00 
4.865000e-09 3.299762e+00 
4.875000e-09 3.299767e+00 
4.885000e-09 3.299773e+00 
4.895000e-09 3.299779e+00 
4.905000e-09 3.299784e+00 
4.915000e-09 3.299790e+00 
4.925000e-09 3.299795e+00 
4.935000e-09 3.299800e+00 
4.945000e-09 3.299805e+00 
4.955000e-09 3.299810e+00 
4.965000e-09 3.299814e+00 
4.975000e-09 3.299819e+00 
4.985000e-09 3.299823e+00 
4.995000e-09 3.299828e+00 
5.005000e-09 3.299832e+00 
5.015000e-09 3.299836e+00 
5.025000e-09 3.299840e+00 
5.035000e-09 3.299844e+00 
5.045000e-09 3.299848e+00 
5.055000e-09 3.299852e+00 
5.065000e-09 3.299855e+00 
5.075000e-09 3.299859e+00 
5.085000e-09 3.299862e+00 
5.095000e-09 3.299866e+00 
5.105000e-09 3.299869e+00 
5.115000e-09 3.299872e+00 
5.125000e-09 3.299876e+00 
5.135000e-09 3.299879e+00 
5.145000e-09 3.299882e+00 
5.155000e-09 3.299885e+00 
5.165000e-09 3.299887e+00 
5.175000e-09 3.299890e+00 
5.185000e-09 3.299893e+00 
5.195000e-09 3.299896e+00 
5.205000e-09 3.299898e+00 
5.215000e-09 3.299901e+00 
5.225000e-09 3.299903e+00 
5.235000e-09 3.299905e+00 
5.245000e-09 3.299908e+00 
5.255000e-09 3.299910e+00 
5.265000e-09 3.299912e+00 
5.275000e-09 3.299914e+00 
5.285000e-09 3.299917e+00 
5.295000e-09 3.299919e+00 
5.305000e-09 3.299921e+00 
5.315000e-09 3.299923e+00 
5.325000e-09 3.299925e+00 
5.335000e-09 3.299926e+00 
5.345000e-09 3.299928e+00 
5.355000e-09 3.299930e+00 
5.365000e-09 3.299932e+00 
5.375000e-09 3.299933e+00 
5.385000e-09 3.299935e+00 
5.395000e-09 3.299937e+00 
5.405000e-09 3.299938e+00 
5.415000e-09 3.299940e+00 
5.425000e-09 3.299941e+00 
5.435000e-09 3.299943e+00 
5.445000e-09 3.299944e+00 
5.455000e-09 3.299945e+00 
5.465000e-09 3.299947e+00 
5.475000e-09 3.299948e+00 
5.485000e-09 3.299949e+00 
5.495000e-09 3.299951e+00 
5.505000e-09 3.299952e+00 
5.515000e-09 3.299953e+00 
5.525000e-09 3.299954e+00 
5.535000e-09 3.299955e+00 
5.545000e-09 3.299956e+00 
5.555000e-09 3.299958e+00 
5.565000e-09 3.299959e+00 
5.575000e-09 3.299960e+00 
5.585000e-09 3.299961e+00 
5.595000e-09 3.299962e+00 
5.605000e-09 3.299963e+00 
5.615000e-09 3.299963e+00 
5.625000e-09 3.299964e+00 
5.635000e-09 3.299965e+00 
5.645000e-09 3.299966e+00 
5.655000e-09 3.299967e+00 
5.665000e-09 3.299968e+00 
5.675000e-09 3.299969e+00 
5.685000e-09 3.299969e+00 
5.695000e-09 3.299970e+00 
5.705000e-09 3.299971e+00 
5.715000e-09 3.299972e+00 
5.725000e-09 3.299972e+00 
5.735000e-09 3.299973e+00 
5.745000e-09 3.299974e+00 
5.755000e-09 3.299974e+00 
5.765000e-09 3.299975e+00 
5.775000e-09 3.299975e+00 
5.785000e-09 3.299976e+00 
5.795000e-09 3.299977e+00 
5.805000e-09 3.299977e+00 
5.815000e-09 3.299978e+00 
5.825000e-09 3.299978e+00 
5.835000e-09 3.299979e+00 
5.845000e-09 3.299979e+00 
5.855000e-09 3.299980e+00 
5.865000e-09 3.299980e+00 
5.875000e-09 3.299981e+00 
5.885000e-09 3.299981e+00 
5.895000e-09 3.299982e+00 
5.905000e-09 3.299982e+00 
5.915000e-09 3.299983e+00 
5.925000e-09 3.299983e+00 
5.935000e-09 3.299984e+00 
5.945000e-09 3.299984e+00 
5.955000e-09 3.299984e+00 
5.965000e-09 3.299985e+00 
5.975000e-09 3.299985e+00 
5.985000e-09 3.299986e+00 
5.995000e-09 3.299986e+00 
6.005000e-09 3.299986e+00 
6.015000e-09 3.299987e+00 
6.025000e-09 3.299987e+00 
6.035000e-09 3.299987e+00 
6.045000e-09 3.299988e+00 
6.055000e-09 3.299988e+00 
6.065000e-09 3.299988e+00 
6.075000e-09 3.299988e+00 
6.085000e-09 3.299989e+00 
6.095000e-09 3.299989e+00 
6.105000e-09 3.299989e+00 
6.115000e-09 3.299990e+00 
6.125000e-09 3.299990e+00 
6.135000e-09 3.299990e+00 
6.145000e-09 3.299990e+00 
6.155000e-09 3.299991e+00 
6.165000e-09 3.299991e+00 
6.175000e-09 3.299991e+00 
6.185000e-09 3.299991e+00 
6.195000e-09 3.299991e+00 
6.205000e-09 3.299992e+00 
6.215000e-09 3.299992e+00 
6.225000e-09 3.299992e+00 
6.235000e-09 3.299992e+00 
6.245000e-09 3.299992e+00 
6.255000e-09 3.299993e+00 
6.265000e-09 3.299993e+00 
6.275000e-09 3.299993e+00 
6.285000e-09 3.299993e+00 
6.295000e-09 3.299993e+00 
6.305000e-09 3.299993e+00 
6.315000e-09 3.299994e+00 
6.325000e-09 3.299994e+00 
6.335000e-09 3.299994e+00 
6.345000e-09 3.299994e+00 
6.355000e-09 3.299994e+00 
6.365000e-09 3.299994e+00 
6.375000e-09 3.299995e+00 
6.385000e-09 3.299995e+00 
6.395000e-09 3.299995e+00 
6.405000e-09 3.299995e+00 
6.415000e-09 3.299995e+00 
6.425000e-09 3.299995e+00 
6.435000e-09 3.299995e+00 
6.445000e-09 3.299995e+00 
6.455000e-09 3.299996e+00 
6.465000e-09 3.299996e+00 
6.475000e-09 3.299996e+00 
6.485000e-09 3.299996e+00 
6.495000e-09 3.299996e+00 
6.505000e-09 3.299996e+00 
6.515000e-09 3.299996e+00 
6.525000e-09 3.299996e+00 
6.535000e-09 3.299996e+00 
6.545000e-09 3.299996e+00 
6.555000e-09 3.299997e+00 
6.565000e-09 3.299997e+00 
6.575000e-09 3.299997e+00 
6.585000e-09 3.299997e+00 
6.595000e-09 3.299997e+00 
6.605000e-09 3.299997e+00 
6.615000e-09 3.299997e+00 
6.625000e-09 3.299997e+00 
6.635000e-09 3.299997e+00 
6.645000e-09 3.299997e+00 
6.655000e-09 3.299997e+00 
6.665000e-09 3.299997e+00 
6.675000e-09 3.299997e+00 
6.685000e-09 3.299997e+00 
6.695000e-09 3.299998e+00 
6.705000e-09 3.299998e+00 
6.715000e-09 3.299998e+00 
6.725000e-09 3.299998e+00 
6.735000e-09 3.299998e+00 
6.745000e-09 3.299998e+00 
6.755000e-09 3.299998e+00 
6.765000e-09 3.299998e+00 
6.775000e-09 3.299998e+00 
6.785000e-09 3.299998e+00 
6.795000e-09 3.299998e+00 
6.805000e-09 3.299998e+00 
6.815000e-09 3.299998e+00 
6.825000e-09 3.299998e+00 
6.835000e-09 3.299998e+00 
6.845000e-09 3.299998e+00 
6.855000e-09 3.299998e+00 
6.865000e-09 3.299998e+00 
6.875000e-09 3.299998e+00 
6.885000e-09 3.299998e+00 
6.895000e-09 3.299999e+00 
6.905000e-09 3.299999e+00 
6.915000e-09 3.299999e+00 
6.925000e-09 3.299999e+00 
6.935000e-09 3.299999e+00 
6.945000e-09 3.299999e+00 
6.955000e-09 3.299999e+00 
6.965000e-09 3.299999e+00 
6.975000e-09 3.299999e+00 
6.985000e-09 3.299999e+00 
6.995000e-09 3.299999e+00 
7.005000e-09 3.299999e+00 
7.015000e-09 3.299999e+00 
7.025000e-09 3.299999e+00 
7.035000e-09 3.299999e+00 
7.045000e-09 3.299999e+00 
7.055000e-09 3.299999e+00 
7.065000e-09 3.299999e+00 
7.075000e-09 3.299999e+00 
7.085000e-09 3.299999e+00 
7.095000e-09 3.299999e+00 
7.105000e-09 3.299999e+00 
7.115000e-09 3.299999e+00 
7.125000e-09 3.299999e+00 
7.135000e-09 3.299999e+00 
7.145000e-09 3.299999e+00 
7.155000e-09 3.299999e+00 
7.165000e-09 3.299999e+00 
7.175000e-09 3.299999e+00 
7.185000e-09 3.299999e+00 
7.195000e-09 3.299999e+00 
7.205000e-09 3.299999e+00 
7.215000e-09 3.299999e+00 
7.225000e-09 3.299999e+00 
7.235000e-09 3.299999e+00 
7.245000e-09 3.299999e+00 
7.255000e-09 3.299999e+00 
7.265000e-09 3.299999e+00 
7.275000e-09 3.299999e+00 
7.285000e-09 3.299999e+00 
7.295000e-09 3.299999e+00 
7.305000e-09 3.299999e+00 
7.315000e-09 3.299999e+00 
7.325000e-09 3.299999e+00 
7.335000e-09 3.300000e+00 
7.345000e-09 3.300000e+00 
7.355000e-09 3.300000e+00 
7.365000e-09 3.300000e+00 
7.375000e-09 3.300000e+00 
7.385000e-09 3.300000e+00 
7.395000e-09 3.300000e+00 
7.405000e-09 3.300000e+00 
7.415000e-09 3.300000e+00 
7.425000e-09 3.300000e+00 
7.435000e-09 3.300000e+00 
7.445000e-09 3.300000e+00 
7.455000e-09 3.300000e+00 
7.465000e-09 3.300000e+00 
7.475000e-09 3.300000e+00 
7.485000e-09 3.300000e+00 
7.495000e-09 3.300000e+00 
7.505000e-09 3.300000e+00 
7.515000e-09 3.300000e+00 
7.525000e-09 3.300000e+00 
7.535000e-09 3.300000e+00 
7.545000e-09 3.300000e+00 
7.555000e-09 3.300000e+00 
7.565000e-09 3.300000e+00 
7.575000e-09 3.300000e+00 
7.585000e-09 3.300000e+00 
7.595000e-09 3.300000e+00 
7.605000e-09 3.300000e+00 
7.615000e-09 3.300000e+00 
7.625000e-09 3.300000e+00 
7.635000e-09 3.300000e+00 
7.645000e-09 3.300000e+00 
7.655000e-09 3.300000e+00 
7.665000e-09 3.300000e+00 
7.675000e-09 3.300000e+00 
7.685000e-09 3.300000e+00 
7.695000e-09 3.300000e+00 
7.705000e-09 3.300000e+00 
7.715000e-09 3.300000e+00 
7.725000e-09 3.300000e+00 
7.735000e-09 3.300000e+00 
7.745000e-09 3.300000e+00 
7.755000e-09 3.300000e+00 
7.765000e-09 3.300000e+00 
7.775000e-09 3.300000e+00 
7.785000e-09 3.300000e+00 
7.795000e-09 3.300000e+00 
7.805000e-09 3.300000e+00 
7.815000e-09 3.300000e+00 
7.825000e-09 3.300000e+00 
7.835000e-09 3.300000e+00 
7.845000e-09 3.300000e+00 
7.855000e-09 3.300000e+00 
7.865000e-09 3.300000e+00 
7.875000e-09 3.300000e+00 
7.885000e-09 3.300000e+00 
7.895000e-09 3.300000e+00 
7.905000e-09 3.300000e+00 
7.915000e-09 3.300000e+00 
7.925000e-09 3.300000e+00 
7.935000e-09 3.300000e+00 
7.945000e-09 3.300000e+00 
7.955000e-09 3.300000e+00 
7.965000e-09 3.300000e+00 
7.975000e-09 3.300000e+00 
7.985000e-09 3.300000e+00 
7.995000e-09 3.300000e+00 
8.005000e-09 3.300000e+00 
8.015000e-09 3.300000e+00 
8.025000e-09 3.300000e+00 
8.035000e-09 3.300000e+00 
8.045000e-09 3.300000e+00 
8.055000e-09 3.300000e+00 
8.065000e-09 3.300000e+00 
8.075000e-09 3.300000e+00 
8.085000e-09 3.300000e+00 
8.095000e-09 3.300000e+00 
8.105000e-09 3.300000e+00 
8.115000e-09 3.300000e+00 
8.125000e-09 3.300000e+00 
8.135000e-09 3.300000e+00 
8.145000e-09 3.300000e+00 
8.155000e-09 3.300000e+00 
8.165000e-09 3.300000e+00 
8.175000e-09 3.300000e+00 
8.185000e-09 3.300000e+00 
8.195000e-09 3.300000e+00 
8.205000e-09 3.300000e+00 
8.215000e-09 3.300000e+00 
8.225000e-09 3.300000e+00 
8.235000e-09 3.300000e+00 
8.245000e-09 3.300000e+00 
8.255000e-09 3.300000e+00 
8.265000e-09 3.300000e+00 
8.275000e-09 3.300000e+00 
8.285000e-09 3.300000e+00 
8.295000e-09 3.300000e+00 
8.305000e-09 3.300000e+00 
8.315000e-09 3.300000e+00 
8.325000e-09 3.300000e+00 
8.335000e-09 3.300000e+00 
8.345000e-09 3.300000e+00 
8.355000e-09 3.300000e+00 
8.365000e-09 3.300000e+00 
8.375000e-09 3.300000e+00 
8.385000e-09 3.300000e+00 
8.395000e-09 3.300000e+00 
8.405000e-09 3.300000e+00 
8.415000e-09 3.300000e+00 
8.425000e-09 3.300000e+00 
8.435000e-09 3.300000e+00 
8.445000e-09 3.300000e+00 
8.455000e-09 3.300000e+00 
8.465000e-09 3.300000e+00 
8.475000e-09 3.300000e+00 
8.485000e-09 3.300000e+00 
8.495000e-09 3.300000e+00 
8.505000e-09 3.300000e+00 
8.515000e-09 3.300000e+00 
8.525000e-09 3.300000e+00 
8.535000e-09 3.300000e+00 
8.545000e-09 3.300000e+00 
8.555000e-09 3.300000e+00 
8.565000e-09 3.300000e+00 
8.575000e-09 3.300000e+00 
8.585000e-09 3.300000e+00 
8.595000e-09 3.300000e+00 
8.605000e-09 3.300000e+00 
8.615000e-09 3.300000e+00 
8.625000e-09 3.300000e+00 
8.635000e-09 3.300000e+00 
8.645000e-09 3.300000e+00 
8.655000e-09 3.300000e+00 
8.665000e-09 3.300000e+00 
8.675000e-09 3.300000e+00 
8.685000e-09 3.300000e+00 
8.695000e-09 3.300000e+00 
8.705000e-09 3.300000e+00 
8.715000e-09 3.300000e+00 
8.725000e-09 3.300000e+00 
8.735000e-09 3.300000e+00 
8.745000e-09 3.300000e+00 
8.755000e-09 3.300000e+00 
8.765000e-09 3.300000e+00 
8.775000e-09 3.300000e+00 
8.785000e-09 3.300000e+00 
8.795000e-09 3.300000e+00 
8.805000e-09 3.300000e+00 
8.815000e-09 3.300000e+00 
8.825000e-09 3.300000e+00 
8.835000e-09 3.300000e+00 
8.845000e-09 3.300000e+00 
8.855000e-09 3.300000e+00 
8.865000e-09 3.300000e+00 
8.875000e-09 3.300000e+00 
8.885000e-09 3.300000e+00 
8.895000e-09 3.300000e+00 
8.905000e-09 3.300000e+00 
8.915000e-09 3.300000e+00 
8.925000e-09 3.300000e+00 
8.935000e-09 3.300000e+00 
8.945000e-09 3.300000e+00 
8.955000e-09 3.300000e+00 
8.965000e-09 3.300000e+00 
8.975000e-09 3.300000e+00 
8.985000e-09 3.300000e+00 
8.995000e-09 3.300000e+00 
9.005000e-09 3.300000e+00 
9.015000e-09 3.300000e+00 
9.025000e-09 3.300000e+00 
9.035000e-09 3.300000e+00 
9.045000e-09 3.300000e+00 
9.055000e-09 3.300000e+00 
9.065000e-09 3.300000e+00 
9.075000e-09 3.300000e+00 
9.085000e-09 3.300000e+00 
9.095000e-09 3.300000e+00 
9.105000e-09 3.300000e+00 
9.115000e-09 3.300000e+00 
9.125000e-09 3.300000e+00 
9.135000e-09 3.300000e+00 
9.145000e-09 3.300000e+00 
9.155000e-09 3.300000e+00 
9.165000e-09 3.300000e+00 
9.175000e-09 3.300000e+00 
9.185000e-09 3.300000e+00 
9.195000e-09 3.300000e+00 
9.205000e-09 3.300000e+00 
9.215000e-09 3.300000e+00 
9.225000e-09 3.300000e+00 
9.235000e-09 3.300000e+00 
9.245000e-09 3.300000e+00 
9.255000e-09 3.300000e+00 
9.265000e-09 3.300000e+00 
9.275000e-09 3.300000e+00 
9.285000e-09 3.300000e+00 
9.295000e-09 3.300000e+00 
9.305000e-09 3.300000e+00 
9.315000e-09 3.300000e+00 
9.325000e-09 3.300000e+00 
9.335000e-09 3.300000e+00 
9.345000e-09 3.300000e+00 
9.355000e-09 3.300000e+00 
9.365000e-09 3.300000e+00 
9.375000e-09 3.300000e+00 
9.385000e-09 3.300000e+00 
9.395000e-09 3.300000e+00 
9.405000e-09 3.300000e+00 
9.415000e-09 3.300000e+00 
9.425000e-09 3.300000e+00 
9.435000e-09 3.300000e+00 
9.445000e-09 3.300000e+00 
9.455000e-09 3.300000e+00 
9.465000e-09 3.300000e+00 
9.475000e-09 3.300000e+00 
9.485000e-09 3.300000e+00 
9.495000e-09 3.300000e+00 
9.505000e-09 3.300000e+00 
9.515000e-09 3.300000e+00 
9.525000e-09 3.300000e+00 
9.535000e-09 3.300000e+00 
9.545000e-09 3.300000e+00 
9.555000e-09 3.300000e+00 
9.565000e-09 3.300000e+00 
9.575000e-09 3.300000e+00 
9.585000e-09 3.300000e+00 
9.595000e-09 3.300000e+00 
9.605000e-09 3.300000e+00 
9.615000e-09 3.300000e+00 
9.625000e-09 3.300000e+00 
9.635000e-09 3.300000e+00 
9.645000e-09 3.300000e+00 
9.655000e-09 3.300000e+00 
9.665000e-09 3.300000e+00 
9.675000e-09 3.300000e+00 
9.685000e-09 3.300000e+00 
9.695000e-09 3.300000e+00 
9.705000e-09 3.300000e+00 
9.715000e-09 3.300000e+00 
9.725000e-09 3.300000e+00 
9.735000e-09 3.300000e+00 
9.745000e-09 3.300000e+00 
9.755000e-09 3.300000e+00 
9.765000e-09 3.300000e+00 
9.775000e-09 3.300000e+00 
9.785000e-09 3.300000e+00 
9.795000e-09 3.300000e+00 
9.805000e-09 3.300000e+00 
9.815000e-09 3.300000e+00 
9.825000e-09 3.300000e+00 
9.835000e-09 3.300000e+00 
9.845000e-09 3.300000e+00 
9.855000e-09 3.300000e+00 
9.865000e-09 3.300000e+00 
9.875000e-09 3.300000e+00 
9.885000e-09 3.300000e+00 
9.895000e-09 3.300000e+00 
9.905000e-09 3.300000e+00 
9.915000e-09 3.300000e+00 
9.925000e-09 3.300000e+00 
9.935000e-09 3.300000e+00 
9.945000e-09 3.300000e+00 
9.955000e-09 3.300000e+00 
9.965000e-09 3.300000e+00 
9.975000e-09 3.300000e+00 
9.985000e-09 3.300000e+00 
9.995000e-09 3.300000e+00 
1.000500e-08 3.300000e+00 
1.001500e-08 3.300000e+00 
1.002500e-08 3.300000e+00 
1.003500e-08 3.300000e+00 
1.004500e-08 3.300000e+00 
1.005500e-08 3.300000e+00 
1.006500e-08 3.300000e+00 
1.007500e-08 3.300000e+00 
1.008500e-08 3.300000e+00 
1.009500e-08 3.300000e+00 
1.010500e-08 3.300000e+00 
1.011500e-08 3.300000e+00 
1.012500e-08 3.300000e+00 
1.013500e-08 3.300000e+00 
1.014500e-08 3.300000e+00 
1.015500e-08 3.300000e+00 
1.016500e-08 3.300000e+00 
1.017500e-08 3.300000e+00 
1.018500e-08 3.300000e+00 
1.019500e-08 3.300000e+00 
1.020500e-08 3.300000e+00 
1.021500e-08 3.300000e+00 
1.022500e-08 3.300000e+00 
1.023500e-08 3.300000e+00 
1.024500e-08 3.300000e+00 
1.025500e-08 3.300000e+00 
1.026500e-08 3.300000e+00 
1.027500e-08 3.300000e+00 
1.028500e-08 3.300000e+00 
1.029500e-08 3.300000e+00 
1.030500e-08 3.300000e+00 
1.031500e-08 3.300000e+00 
1.032500e-08 3.300000e+00 
1.033500e-08 3.300000e+00 
1.034500e-08 3.300000e+00 
1.035500e-08 3.300000e+00 
1.036500e-08 3.300000e+00 
1.037500e-08 3.300000e+00 
1.038500e-08 3.300000e+00 
1.039500e-08 3.300000e+00 
1.040500e-08 3.300000e+00 
1.041500e-08 3.300000e+00 
1.042500e-08 3.300000e+00 
1.043500e-08 3.300000e+00 
1.044500e-08 3.300000e+00 
1.045500e-08 3.300000e+00 
1.046500e-08 3.300000e+00 
1.047500e-08 3.300000e+00 
1.048500e-08 3.300000e+00 
1.049500e-08 3.300000e+00 
1.050500e-08 3.300000e+00 
1.051500e-08 3.300000e+00 
1.052500e-08 3.300000e+00 
1.053500e-08 3.300000e+00 
1.054500e-08 3.300000e+00 
1.055500e-08 3.300000e+00 
1.056500e-08 3.300000e+00 
1.057500e-08 3.300000e+00 
1.058500e-08 3.300000e+00 
1.059500e-08 3.300000e+00 
1.060500e-08 3.300000e+00 
1.061500e-08 3.300000e+00 
1.062500e-08 3.300000e+00 
1.063500e-08 3.300000e+00 
1.064500e-08 3.300000e+00 
1.065500e-08 3.300000e+00 
1.066500e-08 3.300000e+00 
1.067500e-08 3.300000e+00 
1.068500e-08 3.300000e+00 
1.069500e-08 3.300000e+00 
1.070500e-08 3.300000e+00 
1.071500e-08 3.300000e+00 
1.072500e-08 3.300000e+00 
1.073500e-08 3.300000e+00 
1.074500e-08 3.300000e+00 
1.075500e-08 3.300000e+00 
1.076500e-08 3.300000e+00 
1.077500e-08 3.300000e+00 
1.078500e-08 3.300000e+00 
1.079500e-08 3.300000e+00 
1.080500e-08 3.300000e+00 
1.081500e-08 3.300000e+00 
1.082500e-08 3.300000e+00 
1.083500e-08 3.300000e+00 
1.084500e-08 3.300000e+00 
1.085500e-08 3.300000e+00 
1.086500e-08 3.300000e+00 
1.087500e-08 3.300000e+00 
1.088500e-08 3.300000e+00 
1.089500e-08 3.300000e+00 
1.090500e-08 3.300000e+00 
1.091500e-08 3.300000e+00 
1.092500e-08 3.300000e+00 
1.093500e-08 3.300000e+00 
1.094500e-08 3.300000e+00 
1.095500e-08 3.300000e+00 
1.096500e-08 3.300000e+00 
1.097500e-08 3.300000e+00 
1.098500e-08 3.300000e+00 
1.099500e-08 3.300000e+00 
1.100500e-08 3.300000e+00 
1.101500e-08 3.300000e+00 
1.102500e-08 3.300000e+00 
1.103500e-08 3.300000e+00 
1.104500e-08 3.300000e+00 
1.105500e-08 3.300000e+00 
1.106500e-08 3.300000e+00 
1.107500e-08 3.300000e+00 
1.108500e-08 3.300000e+00 
1.109500e-08 3.300000e+00 
1.110500e-08 3.300000e+00 
1.111500e-08 3.300000e+00 
1.112500e-08 3.300000e+00 
1.113500e-08 3.300000e+00 
1.114500e-08 3.300000e+00 
1.115500e-08 3.300000e+00 
1.116500e-08 3.300000e+00 
1.117500e-08 3.300000e+00 
1.118500e-08 3.300000e+00 
1.119500e-08 3.300000e+00 
1.120500e-08 3.300000e+00 
1.121500e-08 3.300000e+00 
1.122500e-08 3.300000e+00 
1.123500e-08 3.300000e+00 
1.124500e-08 3.300000e+00 
1.125500e-08 3.300000e+00 
1.126500e-08 3.300000e+00 
1.127500e-08 3.300000e+00 
1.128500e-08 3.300000e+00 
1.129500e-08 3.300000e+00 
1.130500e-08 3.300000e+00 
1.131500e-08 3.300000e+00 
1.132500e-08 3.300000e+00 
1.133500e-08 3.300000e+00 
1.134500e-08 3.300000e+00 
1.135500e-08 3.300000e+00 
1.136500e-08 3.300000e+00 
1.137500e-08 3.300000e+00 
1.138500e-08 3.300000e+00 
1.139500e-08 3.300000e+00 
1.140500e-08 3.300000e+00 
1.141500e-08 3.300000e+00 
1.142500e-08 3.300000e+00 
1.143500e-08 3.300000e+00 
1.144500e-08 3.300000e+00 
1.145500e-08 3.300000e+00 
1.146500e-08 3.300000e+00 
1.147500e-08 3.300000e+00 
1.148500e-08 3.300000e+00 
1.149500e-08 3.300000e+00 
1.150500e-08 3.300000e+00 
1.151500e-08 3.300000e+00 
1.152500e-08 3.300000e+00 
1.153500e-08 3.300000e+00 
1.154500e-08 3.300000e+00 
1.155500e-08 3.300000e+00 
1.156500e-08 3.300000e+00 
1.157500e-08 3.300000e+00 
1.158500e-08 3.300000e+00 
1.159500e-08 3.300000e+00 
1.160500e-08 3.300000e+00 
1.161500e-08 3.300000e+00 
1.162500e-08 3.300000e+00 
1.163500e-08 3.300000e+00 
1.164500e-08 3.300000e+00 
1.165500e-08 3.300000e+00 
1.166500e-08 3.300000e+00 
1.167500e-08 3.300000e+00 
1.168500e-08 3.300000e+00 
1.169500e-08 3.300000e+00 
1.170500e-08 3.300000e+00 
1.171500e-08 3.300000e+00 
1.172500e-08 3.300000e+00 
1.173500e-08 3.300000e+00 
1.174500e-08 3.300000e+00 
1.175500e-08 3.300000e+00 
1.176500e-08 3.300000e+00 
1.177500e-08 3.300000e+00 
1.178500e-08 3.300000e+00 
1.179500e-08 3.300000e+00 
1.180500e-08 3.300000e+00 
1.181500e-08 3.300000e+00 
1.182500e-08 3.300000e+00 
1.183500e-08 3.300000e+00 
1.184500e-08 3.300000e+00 
1.185500e-08 3.300000e+00 
1.186500e-08 3.300000e+00 
1.187500e-08 3.300000e+00 
1.188500e-08 3.300000e+00 
1.189500e-08 3.300000e+00 
1.190500e-08 3.300000e+00 
1.191500e-08 3.300000e+00 
1.192500e-08 3.300000e+00 
1.193500e-08 3.300000e+00 
1.194500e-08 3.300000e+00 
1.195500e-08 3.300000e+00 
1.196500e-08 3.300000e+00 
1.197500e-08 3.300000e+00 
1.198500e-08 3.300000e+00 
1.199500e-08 3.300000e+00 
1.200500e-08 3.300000e+00 
1.201500e-08 3.300000e+00 
1.202500e-08 3.300000e+00 
1.203500e-08 3.300000e+00 
1.204500e-08 3.300000e+00 
1.205500e-08 3.300000e+00 
1.206500e-08 3.300000e+00 
1.207500e-08 3.300000e+00 
1.208500e-08 3.300000e+00 
1.209500e-08 3.300000e+00 
1.210500e-08 3.300000e+00 
1.211500e-08 3.300000e+00 
1.212500e-08 3.300000e+00 
1.213500e-08 3.300000e+00 
1.214500e-08 3.300000e+00 
1.215500e-08 3.300000e+00 
1.216500e-08 3.300000e+00 
1.217500e-08 3.300000e+00 
1.218500e-08 3.300000e+00 
1.219500e-08 3.300000e+00 
1.220500e-08 3.300000e+00 
1.221500e-08 3.300000e+00 
1.222500e-08 3.300000e+00 
1.223500e-08 3.300000e+00 
1.224500e-08 3.300000e+00 
1.225500e-08 3.300000e+00 
1.226500e-08 3.300000e+00 
1.227500e-08 3.300000e+00 
1.228500e-08 3.300000e+00 
1.229500e-08 3.300000e+00 
1.230500e-08 3.300000e+00 
1.231500e-08 3.300000e+00 
1.232500e-08 3.300000e+00 
1.233500e-08 3.300000e+00 
1.234500e-08 3.300000e+00 
1.235500e-08 3.300000e+00 
1.236500e-08 3.300000e+00 
1.237500e-08 3.300000e+00 
1.238500e-08 3.300000e+00 
1.239500e-08 3.300000e+00 
1.240500e-08 3.300000e+00 
1.241500e-08 3.300000e+00 
1.242500e-08 3.300000e+00 
1.243500e-08 3.300000e+00 
1.244500e-08 3.300000e+00 
1.245500e-08 3.300000e+00 
1.246500e-08 3.300000e+00 
1.247500e-08 3.300000e+00 
1.248500e-08 3.300000e+00 
1.249500e-08 3.300000e+00 
1.250500e-08 3.300000e+00 
1.251500e-08 3.300000e+00 
1.252500e-08 3.300000e+00 
1.253500e-08 3.300000e+00 
1.254500e-08 3.300000e+00 
1.255500e-08 3.300000e+00 
1.256500e-08 3.300000e+00 
1.257500e-08 3.300000e+00 
1.258500e-08 3.300000e+00 
1.259500e-08 3.300000e+00 
1.260500e-08 3.300000e+00 
1.261500e-08 3.300000e+00 
1.262500e-08 3.300000e+00 
1.263500e-08 3.300000e+00 
1.264500e-08 3.300000e+00 
1.265500e-08 3.300000e+00 
1.266500e-08 3.300000e+00 
1.267500e-08 3.300000e+00 
1.268500e-08 3.300000e+00 
1.269500e-08 3.300000e+00 
1.270500e-08 3.300000e+00 
1.271500e-08 3.300000e+00 
1.272500e-08 3.300000e+00 
1.273500e-08 3.300000e+00 
1.274500e-08 3.300000e+00 
1.275500e-08 3.300000e+00 
1.276500e-08 3.300000e+00 
1.277500e-08 3.300000e+00 
1.278500e-08 3.300000e+00 
1.279500e-08 3.300000e+00 
1.280500e-08 3.300000e+00 
1.281500e-08 3.300000e+00 
1.282500e-08 3.300000e+00 
1.283500e-08 3.300000e+00 
1.284500e-08 3.300000e+00 
1.285500e-08 3.300000e+00 
1.286500e-08 3.300000e+00 
1.287500e-08 3.300000e+00 
1.288500e-08 3.300000e+00 
1.289500e-08 3.300000e+00 
1.290500e-08 3.300000e+00 
1.291500e-08 3.300000e+00 
1.292500e-08 3.300000e+00 
1.293500e-08 3.300000e+00 
1.294500e-08 3.300000e+00 
1.295500e-08 3.300000e+00 
1.296500e-08 3.300000e+00 
1.297500e-08 3.300000e+00 
1.298500e-08 3.300000e+00 
1.299500e-08 3.300000e+00 
1.300500e-08 3.300000e+00 
1.301500e-08 3.300000e+00 
1.302500e-08 3.300000e+00 
1.303500e-08 3.300000e+00 
1.304500e-08 3.300000e+00 
1.305500e-08 3.300000e+00 
1.306500e-08 3.300000e+00 
1.307500e-08 3.300000e+00 
1.308500e-08 3.300000e+00 
1.309500e-08 3.300000e+00 
1.310500e-08 3.300000e+00 
1.311500e-08 3.300000e+00 
1.312500e-08 3.300000e+00 
1.313500e-08 3.300000e+00 
1.314500e-08 3.300000e+00 
1.315500e-08 3.300000e+00 
1.316500e-08 3.300000e+00 
1.317500e-08 3.300000e+00 
1.318500e-08 3.300000e+00 
1.319500e-08 3.300000e+00 
1.320500e-08 3.300000e+00 
1.321500e-08 3.300000e+00 
1.322500e-08 3.300000e+00 
1.323500e-08 3.300000e+00 
1.324500e-08 3.300000e+00 
1.325500e-08 3.300000e+00 
1.326500e-08 3.300000e+00 
1.327500e-08 3.300000e+00 
1.328500e-08 3.300000e+00 
1.329500e-08 3.300000e+00 
1.330500e-08 3.300000e+00 
1.331500e-08 3.300000e+00 
1.332500e-08 3.300000e+00 
1.333500e-08 3.300000e+00 
1.334500e-08 3.300000e+00 
1.335500e-08 3.300000e+00 
1.336500e-08 3.300000e+00 
1.337500e-08 3.300000e+00 
1.338500e-08 3.300000e+00 
1.339500e-08 3.300000e+00 
1.340500e-08 3.300000e+00 
1.341500e-08 3.300000e+00 
1.342500e-08 3.300000e+00 
1.343500e-08 3.300000e+00 
1.344500e-08 3.300000e+00 
1.345500e-08 3.300000e+00 
1.346500e-08 3.300000e+00 
1.347500e-08 3.300000e+00 
1.348500e-08 3.300000e+00 
1.349500e-08 3.300000e+00 
1.350500e-08 3.300000e+00 
1.351500e-08 3.300000e+00 
1.352500e-08 3.300000e+00 
1.353500e-08 3.300000e+00 
1.354500e-08 3.300000e+00 
1.355500e-08 3.300000e+00 
1.356500e-08 3.300000e+00 
1.357500e-08 3.300000e+00 
1.358500e-08 3.300000e+00 
1.359500e-08 3.300000e+00 
1.360500e-08 3.300000e+00 
1.361500e-08 3.300000e+00 
1.362500e-08 3.300000e+00 
1.363500e-08 3.300000e+00 
1.364500e-08 3.300000e+00 
1.365500e-08 3.300000e+00 
1.366500e-08 3.300000e+00 
1.367500e-08 3.300000e+00 
1.368500e-08 3.300000e+00 
1.369500e-08 3.300000e+00 
1.370500e-08 3.300000e+00 
1.371500e-08 3.300000e+00 
1.372500e-08 3.300000e+00 
1.373500e-08 3.300000e+00 
1.374500e-08 3.300000e+00 
1.375500e-08 3.300000e+00 
1.376500e-08 3.300000e+00 
1.377500e-08 3.300000e+00 
1.378500e-08 3.300000e+00 
1.379500e-08 3.300000e+00 
1.380500e-08 3.300000e+00 
1.381500e-08 3.300000e+00 
1.382500e-08 3.300000e+00 
1.383500e-08 3.300000e+00 
1.384500e-08 3.300000e+00 
1.385500e-08 3.300000e+00 
1.386500e-08 3.300000e+00 
1.387500e-08 3.300000e+00 
1.388500e-08 3.300000e+00 
1.389500e-08 3.300000e+00 
1.390500e-08 3.300000e+00 
1.391500e-08 3.300000e+00 
1.392500e-08 3.300000e+00 
1.393500e-08 3.300000e+00 
1.394500e-08 3.300000e+00 
1.395500e-08 3.300000e+00 
1.396500e-08 3.300000e+00 
1.397500e-08 3.300000e+00 
1.398500e-08 3.300000e+00 
1.399500e-08 3.300000e+00 
1.400500e-08 3.300000e+00 
1.401500e-08 3.300000e+00 
1.402500e-08 3.300000e+00 
1.403500e-08 3.300000e+00 
1.404500e-08 3.300000e+00 
1.405500e-08 3.300000e+00 
1.406500e-08 3.300000e+00 
1.407500e-08 3.300000e+00 
1.408500e-08 3.300000e+00 
1.409500e-08 3.300000e+00 
1.410500e-08 3.300000e+00 
1.411500e-08 3.300000e+00 
1.412500e-08 3.300000e+00 
1.413500e-08 3.300000e+00 
1.414500e-08 3.300000e+00 
1.415500e-08 3.300000e+00 
1.416500e-08 3.300000e+00 
1.417500e-08 3.300000e+00 
1.418500e-08 3.300000e+00 
1.419500e-08 3.300000e+00 
1.420500e-08 3.300000e+00 
1.421500e-08 3.300000e+00 
1.422500e-08 3.300000e+00 
1.423500e-08 3.300000e+00 
1.424500e-08 3.300000e+00 
1.425500e-08 3.300000e+00 
1.426500e-08 3.300000e+00 
1.427500e-08 3.300000e+00 
1.428500e-08 3.300000e+00 
1.429500e-08 3.300000e+00 
1.430500e-08 3.300000e+00 
1.431500e-08 3.300000e+00 
1.432500e-08 3.300000e+00 
1.433500e-08 3.300000e+00 
1.434500e-08 3.300000e+00 
1.435500e-08 3.300000e+00 
1.436500e-08 3.300000e+00 
1.437500e-08 3.300000e+00 
1.438500e-08 3.300000e+00 
1.439500e-08 3.300000e+00 
1.440500e-08 3.300000e+00 
1.441500e-08 3.300000e+00 
1.442500e-08 3.300000e+00 
1.443500e-08 3.300000e+00 
1.444500e-08 3.300000e+00 
1.445500e-08 3.300000e+00 
1.446500e-08 3.300000e+00 
1.447500e-08 3.300000e+00 
1.448500e-08 3.300000e+00 
1.449500e-08 3.300000e+00 
1.450500e-08 3.300000e+00 
1.451500e-08 3.300000e+00 
1.452500e-08 3.300000e+00 
1.453500e-08 3.300000e+00 
1.454500e-08 3.300000e+00 
1.455500e-08 3.300000e+00 
1.456500e-08 3.300000e+00 
1.457500e-08 3.300000e+00 
1.458500e-08 3.300000e+00 
1.459500e-08 3.300000e+00 
1.460500e-08 3.300000e+00 
1.461500e-08 3.300000e+00 
1.462500e-08 3.300000e+00 
1.463500e-08 3.300000e+00 
1.464500e-08 3.300000e+00 
1.465500e-08 3.300000e+00 
1.466500e-08 3.300000e+00 
1.467500e-08 3.300000e+00 
1.468500e-08 3.300000e+00 
1.469500e-08 3.300000e+00 
1.470500e-08 3.300000e+00 
1.471500e-08 3.300000e+00 
1.472500e-08 3.300000e+00 
1.473500e-08 3.300000e+00 
1.474500e-08 3.300000e+00 
1.475500e-08 3.300000e+00 
1.476500e-08 3.300000e+00 
1.477500e-08 3.300000e+00 
1.478500e-08 3.300000e+00 
1.479500e-08 3.300000e+00 
1.480500e-08 3.300000e+00 
1.481500e-08 3.300000e+00 
1.482500e-08 3.300000e+00 
1.483500e-08 3.300000e+00 
1.484500e-08 3.300000e+00 
1.485500e-08 3.300000e+00 
1.486500e-08 3.300000e+00 
1.487500e-08 3.300000e+00 
1.488500e-08 3.300000e+00 
1.489500e-08 3.300000e+00 
1.490500e-08 3.300000e+00 
1.491500e-08 3.300000e+00 
1.492500e-08 3.300000e+00 
1.493500e-08 3.300000e+00 
1.494500e-08 3.300000e+00 
1.495500e-08 3.300000e+00 
1.496500e-08 3.300000e+00 
1.497500e-08 3.300000e+00 
1.498500e-08 3.300000e+00 
1.499500e-08 3.300000e+00 
1.500500e-08 3.300000e+00 
1.501500e-08 3.300000e+00 
1.502500e-08 3.300000e+00 
1.503500e-08 3.300000e+00 
1.504500e-08 3.300000e+00 
1.505500e-08 3.300000e+00 
1.506500e-08 3.300000e+00 
1.507500e-08 3.300000e+00 
1.508500e-08 3.300000e+00 
1.509500e-08 3.300000e+00 
1.510500e-08 3.300000e+00 
1.511500e-08 3.300000e+00 
1.512500e-08 3.300000e+00 
1.513500e-08 3.300000e+00 
1.514500e-08 3.300000e+00 
1.515500e-08 3.300000e+00 
1.516500e-08 3.300000e+00 
1.517500e-08 3.300000e+00 
1.518500e-08 3.300000e+00 
1.519500e-08 3.300000e+00 
1.520500e-08 3.300000e+00 
1.521500e-08 3.300000e+00 
1.522500e-08 3.300000e+00 
1.523500e-08 3.300000e+00 
1.524500e-08 3.300000e+00 
1.525500e-08 3.300000e+00 
1.526500e-08 3.300000e+00 
1.527500e-08 3.300000e+00 
1.528500e-08 3.300000e+00 
1.529500e-08 3.300000e+00 
1.530500e-08 3.300000e+00 
1.531500e-08 3.300000e+00 
1.532500e-08 3.300000e+00 
1.533500e-08 3.300000e+00 
1.534500e-08 3.300000e+00 
1.535500e-08 3.300000e+00 
1.536500e-08 3.300000e+00 
1.537500e-08 3.300000e+00 
1.538500e-08 3.300000e+00 
1.539500e-08 3.300000e+00 
1.540500e-08 3.300000e+00 
1.541500e-08 3.300000e+00 
1.542500e-08 3.300000e+00 
1.543500e-08 3.300000e+00 
1.544500e-08 3.300000e+00 
1.545500e-08 3.300000e+00 
1.546500e-08 3.300000e+00 
1.547500e-08 3.300000e+00 
1.548500e-08 3.300000e+00 
1.549500e-08 3.300000e+00 
1.550500e-08 3.300000e+00 
1.551500e-08 3.300000e+00 
1.552500e-08 3.300000e+00 
1.553500e-08 3.300000e+00 
1.554500e-08 3.300000e+00 
1.555500e-08 3.300000e+00 
1.556500e-08 3.300000e+00 
1.557500e-08 3.300000e+00 
1.558500e-08 3.300000e+00 
1.559500e-08 3.300000e+00 
1.560500e-08 3.300000e+00 
1.561500e-08 3.300000e+00 
1.562500e-08 3.300000e+00 
1.563500e-08 3.300000e+00 
1.564500e-08 3.300000e+00 
1.565500e-08 3.300000e+00 
1.566500e-08 3.300000e+00 
1.567500e-08 3.300000e+00 
1.568500e-08 3.300000e+00 
1.569500e-08 3.300000e+00 
1.570500e-08 3.300000e+00 
1.571500e-08 3.300000e+00 
1.572500e-08 3.300000e+00 
1.573500e-08 3.300000e+00 
1.574500e-08 3.300000e+00 
1.575500e-08 3.300000e+00 
1.576500e-08 3.300000e+00 
1.577500e-08 3.300000e+00 
1.578500e-08 3.300000e+00 
1.579500e-08 3.300000e+00 
1.580500e-08 3.300000e+00 
1.581500e-08 3.300000e+00 
1.582500e-08 3.300000e+00 
1.583500e-08 3.300000e+00 
1.584500e-08 3.300000e+00 
1.585500e-08 3.300000e+00 
1.586500e-08 3.300000e+00 
1.587500e-08 3.300000e+00 
1.588500e-08 3.300000e+00 
1.589500e-08 3.300000e+00 
1.590500e-08 3.300000e+00 
1.591500e-08 3.300000e+00 
1.592500e-08 3.300000e+00 
1.593500e-08 3.300000e+00 
1.594500e-08 3.300000e+00 
1.595500e-08 3.300000e+00 
1.596500e-08 3.300000e+00 
1.597500e-08 3.300000e+00 
1.598500e-08 3.300000e+00 
1.599500e-08 3.300000e+00 
1.600500e-08 3.300000e+00 
1.601500e-08 3.300000e+00 
1.602500e-08 3.300000e+00 
1.603500e-08 3.300000e+00 
1.604500e-08 3.300000e+00 
1.605500e-08 3.300000e+00 
1.606500e-08 3.300000e+00 
1.607500e-08 3.300000e+00 
1.608500e-08 3.300000e+00 
1.609500e-08 3.300000e+00 
1.610500e-08 3.300000e+00 
1.611500e-08 3.300000e+00 
1.612500e-08 3.300000e+00 
1.613500e-08 3.300000e+00 
1.614500e-08 3.300000e+00 
1.615500e-08 3.300000e+00 
1.616500e-08 3.300000e+00 
1.617500e-08 3.300000e+00 
1.618500e-08 3.300000e+00 
1.619500e-08 3.300000e+00 
1.620500e-08 3.300000e+00 
1.621500e-08 3.300000e+00 
1.622500e-08 3.300000e+00 
1.623500e-08 3.300000e+00 
1.624500e-08 3.300000e+00 
1.625500e-08 3.300000e+00 
1.626500e-08 3.300000e+00 
1.627500e-08 3.300000e+00 
1.628500e-08 3.300000e+00 
1.629500e-08 3.300000e+00 
1.630500e-08 3.300000e+00 
1.631500e-08 3.300000e+00 
1.632500e-08 3.300000e+00 
1.633500e-08 3.300000e+00 
1.634500e-08 3.300000e+00 
1.635500e-08 3.300000e+00 
1.636500e-08 3.300000e+00 
1.637500e-08 3.300000e+00 
1.638500e-08 3.300000e+00 
1.639500e-08 3.300000e+00 
1.640500e-08 3.300000e+00 
1.641500e-08 3.300000e+00 
1.642500e-08 3.300000e+00 
1.643500e-08 3.300000e+00 
1.644500e-08 3.300000e+00 
1.645500e-08 3.300000e+00 
1.646500e-08 3.300000e+00 
1.647500e-08 3.300000e+00 
1.648500e-08 3.300000e+00 
1.649500e-08 3.300000e+00 
1.650500e-08 3.300000e+00 
1.651500e-08 3.300000e+00 
1.652500e-08 3.300000e+00 
1.653500e-08 3.300000e+00 
1.654500e-08 3.300000e+00 
1.655500e-08 3.300000e+00 
1.656500e-08 3.300000e+00 
1.657500e-08 3.300000e+00 
1.658500e-08 3.300000e+00 
1.659500e-08 3.300000e+00 
1.660500e-08 3.300000e+00 
1.661500e-08 3.300000e+00 
1.662500e-08 3.300000e+00 
1.663500e-08 3.300000e+00 
1.664500e-08 3.300000e+00 
1.665500e-08 3.300000e+00 
1.666500e-08 3.300000e+00 
1.667500e-08 3.300000e+00 
1.668500e-08 3.300000e+00 
1.669500e-08 3.300000e+00 
1.670500e-08 3.300000e+00 
1.671500e-08 3.300000e+00 
1.672500e-08 3.300000e+00 
1.673500e-08 3.300000e+00 
1.674500e-08 3.300000e+00 
1.675500e-08 3.300000e+00 
1.676500e-08 3.300000e+00 
1.677500e-08 3.300000e+00 
1.678500e-08 3.300000e+00 
1.679500e-08 3.300000e+00 
1.680500e-08 3.300000e+00 
1.681500e-08 3.300000e+00 
1.682500e-08 3.300000e+00 
1.683500e-08 3.300000e+00 
1.684500e-08 3.300000e+00 
1.685500e-08 3.300000e+00 
1.686500e-08 3.300000e+00 
1.687500e-08 3.300000e+00 
1.688500e-08 3.300000e+00 
1.689500e-08 3.300000e+00 
1.690500e-08 3.300000e+00 
1.691500e-08 3.300000e+00 
1.692500e-08 3.300000e+00 
1.693500e-08 3.300000e+00 
1.694500e-08 3.300000e+00 
1.695500e-08 3.300000e+00 
1.696500e-08 3.300000e+00 
1.697500e-08 3.300000e+00 
1.698500e-08 3.300000e+00 
1.699500e-08 3.300000e+00 
1.700500e-08 3.300000e+00 
1.701500e-08 3.300000e+00 
1.702500e-08 3.300000e+00 
1.703500e-08 3.300000e+00 
1.704500e-08 3.300000e+00 
1.705500e-08 3.300000e+00 
1.706500e-08 3.300000e+00 
1.707500e-08 3.300000e+00 
1.708500e-08 3.300000e+00 
1.709500e-08 3.300000e+00 
1.710500e-08 3.300000e+00 
1.711500e-08 3.300000e+00 
1.712500e-08 3.300000e+00 
1.713500e-08 3.300000e+00 
1.714500e-08 3.300000e+00 
1.715500e-08 3.300000e+00 
1.716500e-08 3.300000e+00 
1.717500e-08 3.300000e+00 
1.718500e-08 3.300000e+00 
1.719500e-08 3.300000e+00 
1.720500e-08 3.300000e+00 
1.721500e-08 3.300000e+00 
1.722500e-08 3.300000e+00 
1.723500e-08 3.300000e+00 
1.724500e-08 3.300000e+00 
1.725500e-08 3.300000e+00 
1.726500e-08 3.300000e+00 
1.727500e-08 3.300000e+00 
1.728500e-08 3.300000e+00 
1.729500e-08 3.300000e+00 
1.730500e-08 3.300000e+00 
1.731500e-08 3.300000e+00 
1.732500e-08 3.300000e+00 
1.733500e-08 3.300000e+00 
1.734500e-08 3.300000e+00 
1.735500e-08 3.300000e+00 
1.736500e-08 3.300000e+00 
1.737500e-08 3.300000e+00 
1.738500e-08 3.300000e+00 
1.739500e-08 3.300000e+00 
1.740500e-08 3.300000e+00 
1.741500e-08 3.300000e+00 
1.742500e-08 3.300000e+00 
1.743500e-08 3.300000e+00 
1.744500e-08 3.300000e+00 
1.745500e-08 3.300000e+00 
1.746500e-08 3.300000e+00 
1.747500e-08 3.300000e+00 
1.748500e-08 3.300000e+00 
1.749500e-08 3.300000e+00 
1.750500e-08 3.300000e+00 
1.751500e-08 3.300000e+00 
1.752500e-08 3.300000e+00 
1.753500e-08 3.300000e+00 
1.754500e-08 3.300000e+00 
1.755500e-08 3.300000e+00 
1.756500e-08 3.300000e+00 
1.757500e-08 3.300000e+00 
1.758500e-08 3.300000e+00 
1.759500e-08 3.300000e+00 
1.760500e-08 3.300000e+00 
1.761500e-08 3.300000e+00 
1.762500e-08 3.300000e+00 
1.763500e-08 3.300000e+00 
1.764500e-08 3.300000e+00 
1.765500e-08 3.300000e+00 
1.766500e-08 3.300000e+00 
1.767500e-08 3.300000e+00 
1.768500e-08 3.300000e+00 
1.769500e-08 3.300000e+00 
1.770500e-08 3.300000e+00 
1.771500e-08 3.300000e+00 
1.772500e-08 3.300000e+00 
1.773500e-08 3.300000e+00 
1.774500e-08 3.300000e+00 
1.775500e-08 3.300000e+00 
1.776500e-08 3.300000e+00 
1.777500e-08 3.300000e+00 
1.778500e-08 3.300000e+00 
1.779500e-08 3.300000e+00 
1.780500e-08 3.300000e+00 
1.781500e-08 3.300000e+00 
1.782500e-08 3.300000e+00 
1.783500e-08 3.300000e+00 
1.784500e-08 3.300000e+00 
1.785500e-08 3.300000e+00 
1.786500e-08 3.300000e+00 
1.787500e-08 3.300000e+00 
1.788500e-08 3.300000e+00 
1.789500e-08 3.300000e+00 
1.790500e-08 3.300000e+00 
1.791500e-08 3.300000e+00 
1.792500e-08 3.300000e+00 
1.793500e-08 3.300000e+00 
1.794500e-08 3.300000e+00 
1.795500e-08 3.300000e+00 
1.796500e-08 3.300000e+00 
1.797500e-08 3.300000e+00 
1.798500e-08 3.300000e+00 
1.799500e-08 3.300000e+00 
1.800500e-08 3.300000e+00 
1.801500e-08 3.300000e+00 
1.802500e-08 3.300000e+00 
1.803500e-08 3.300000e+00 
1.804500e-08 3.300000e+00 
1.805500e-08 3.300000e+00 
1.806500e-08 3.300000e+00 
1.807500e-08 3.300000e+00 
1.808500e-08 3.300000e+00 
1.809500e-08 3.300000e+00 
1.810500e-08 3.300000e+00 
1.811500e-08 3.300000e+00 
1.812500e-08 3.300000e+00 
1.813500e-08 3.300000e+00 
1.814500e-08 3.300000e+00 
1.815500e-08 3.300000e+00 
1.816500e-08 3.300000e+00 
1.817500e-08 3.300000e+00 
1.818500e-08 3.300000e+00 
1.819500e-08 3.300000e+00 
1.820500e-08 3.300000e+00 
1.821500e-08 3.300000e+00 
1.822500e-08 3.300000e+00 
1.823500e-08 3.300000e+00 
1.824500e-08 3.300000e+00 
1.825500e-08 3.300000e+00 
1.826500e-08 3.300000e+00 
1.827500e-08 3.300000e+00 
1.828500e-08 3.300000e+00 
1.829500e-08 3.300000e+00 
1.830500e-08 3.300000e+00 
1.831500e-08 3.300000e+00 
1.832500e-08 3.300000e+00 
1.833500e-08 3.300000e+00 
1.834500e-08 3.300000e+00 
1.835500e-08 3.300000e+00 
1.836500e-08 3.300000e+00 
1.837500e-08 3.300000e+00 
1.838500e-08 3.300000e+00 
1.839500e-08 3.300000e+00 
1.840500e-08 3.300000e+00 
1.841500e-08 3.300000e+00 
1.842500e-08 3.300000e+00 
1.843500e-08 3.300000e+00 
1.844500e-08 3.300000e+00 
1.845500e-08 3.300000e+00 
1.846500e-08 3.300000e+00 
1.847500e-08 3.300000e+00 
1.848500e-08 3.300000e+00 
1.849500e-08 3.300000e+00 
1.850500e-08 3.300000e+00 
1.851500e-08 3.300000e+00 
1.852500e-08 3.300000e+00 
1.853500e-08 3.300000e+00 
1.854500e-08 3.300000e+00 
1.855500e-08 3.300000e+00 
1.856500e-08 3.300000e+00 
1.857500e-08 3.300000e+00 
1.858500e-08 3.300000e+00 
1.859500e-08 3.300000e+00 
1.860500e-08 3.300000e+00 
1.861500e-08 3.300000e+00 
1.862500e-08 3.300000e+00 
1.863500e-08 3.300000e+00 
1.864500e-08 3.300000e+00 
1.865500e-08 3.300000e+00 
1.866500e-08 3.300000e+00 
1.867500e-08 3.300000e+00 
1.868500e-08 3.300000e+00 
1.869500e-08 3.300000e+00 
1.870500e-08 3.300000e+00 
1.871500e-08 3.300000e+00 
1.872500e-08 3.300000e+00 
1.873500e-08 3.300000e+00 
1.874500e-08 3.300000e+00 
1.875500e-08 3.300000e+00 
1.876500e-08 3.300000e+00 
1.877500e-08 3.300000e+00 
1.878500e-08 3.300000e+00 
1.879500e-08 3.300000e+00 
1.880500e-08 3.300000e+00 
1.881500e-08 3.300000e+00 
1.882500e-08 3.300000e+00 
1.883500e-08 3.300000e+00 
1.884500e-08 3.300000e+00 
1.885500e-08 3.300000e+00 
1.886500e-08 3.300000e+00 
1.887500e-08 3.300000e+00 
1.888500e-08 3.300000e+00 
1.889500e-08 3.300000e+00 
1.890500e-08 3.300000e+00 
1.891500e-08 3.300000e+00 
1.892500e-08 3.300000e+00 
1.893500e-08 3.300000e+00 
1.894500e-08 3.300000e+00 
1.895500e-08 3.300000e+00 
1.896500e-08 3.300000e+00 
1.897500e-08 3.300000e+00 
1.898500e-08 3.300000e+00 
1.899500e-08 3.300000e+00 
1.900500e-08 3.300000e+00 
1.901500e-08 3.300000e+00 
1.902500e-08 3.300000e+00 
1.903500e-08 3.300000e+00 
1.904500e-08 3.300000e+00 
1.905500e-08 3.300000e+00 
1.906500e-08 3.300000e+00 
1.907500e-08 3.300000e+00 
1.908500e-08 3.300000e+00 
1.909500e-08 3.300000e+00 
1.910500e-08 3.300000e+00 
1.911500e-08 3.300000e+00 
1.912500e-08 3.300000e+00 
1.913500e-08 3.300000e+00 
1.914500e-08 3.300000e+00 
1.915500e-08 3.300000e+00 
1.916500e-08 3.300000e+00 
1.917500e-08 3.300000e+00 
1.918500e-08 3.300000e+00 
1.919500e-08 3.300000e+00 
1.920500e-08 3.300000e+00 
1.921500e-08 3.300000e+00 
1.922500e-08 3.300000e+00 
1.923500e-08 3.300000e+00 
1.924500e-08 3.300000e+00 
1.925500e-08 3.300000e+00 
1.926500e-08 3.300000e+00 
1.927500e-08 3.300000e+00 
1.928500e-08 3.300000e+00 
1.929500e-08 3.300000e+00 
1.930500e-08 3.300000e+00 
1.931500e-08 3.300000e+00 
1.932500e-08 3.300000e+00 
1.933500e-08 3.300000e+00 
1.934500e-08 3.300000e+00 
1.935500e-08 3.300000e+00 
1.936500e-08 3.300000e+00 
1.937500e-08 3.300000e+00 
1.938500e-08 3.300000e+00 
1.939500e-08 3.300000e+00 
1.940500e-08 3.300000e+00 
1.941500e-08 3.300000e+00 
1.942500e-08 3.300000e+00 
1.943500e-08 3.300000e+00 
1.944500e-08 3.300000e+00 
1.945500e-08 3.300000e+00 
1.946500e-08 3.300000e+00 
1.947500e-08 3.300000e+00 
1.948500e-08 3.300000e+00 
1.949500e-08 3.300000e+00 
1.950500e-08 3.300000e+00 
1.951500e-08 3.300000e+00 
1.952500e-08 3.300000e+00 
1.953500e-08 3.300000e+00 
1.954500e-08 3.300000e+00 
1.955500e-08 3.300000e+00 
1.956500e-08 3.300000e+00 
1.957500e-08 3.300000e+00 
1.958500e-08 3.300000e+00 
1.959500e-08 3.300000e+00 
1.960500e-08 3.300000e+00 
1.961500e-08 3.300000e+00 
1.962500e-08 3.300000e+00 
1.963500e-08 3.300000e+00 
1.964500e-08 3.300000e+00 
1.965500e-08 3.300000e+00 
1.966500e-08 3.300000e+00 
1.967500e-08 3.300000e+00 
1.968500e-08 3.300000e+00 
1.969500e-08 3.300000e+00 
1.970500e-08 3.300000e+00 
1.971500e-08 3.300000e+00 
1.972500e-08 3.300000e+00 
1.973500e-08 3.300000e+00 
1.974500e-08 3.300000e+00 
1.975500e-08 3.300000e+00 
1.976500e-08 3.300000e+00 
1.977500e-08 3.300000e+00 
1.978500e-08 3.300000e+00 
1.979500e-08 3.300000e+00 
1.980500e-08 3.300000e+00 
1.981500e-08 3.300000e+00 
1.982500e-08 3.300000e+00 
1.983500e-08 3.300000e+00 
1.984500e-08 3.300000e+00 
1.985500e-08 3.300000e+00 
1.986500e-08 3.300000e+00 
1.987500e-08 3.300000e+00 
1.988500e-08 3.300000e+00 
1.989500e-08 3.300000e+00 
1.990500e-08 3.300000e+00 
1.991500e-08 3.300000e+00 
1.992500e-08 3.300000e+00 
1.993500e-08 3.300000e+00 
1.994500e-08 3.300000e+00 
1.995500e-08 3.300000e+00 
1.996500e-08 3.300000e+00 
1.997500e-08 3.300000e+00 
1.998500e-08 3.300000e+00 
1.999500e-08 3.300000e+00 
2.000000e-08 3.300000e+00 
